					 DefaultPropeller_Performance.txt 

					 OpenProp Performance Table

Date and time: 2026-08-05 21:14:12

 r/R	 V*	 beta	 betai	 Gamma	 CL	 Sigma	 dBetai
0.220	 23.54	 12.26	 14.18	 0.2692	 0.070	 0.456	 7.01
0.259	 27.60	 10.43	 12.07	 0.2709	 0.057	 0.331	 6.05
0.299	 31.67	 9.08	 10.52	 0.2737	 0.048	 0.250	 5.31
0.338	 35.77	 8.03	 9.32	 0.2758	 0.041	 0.196	 4.72
0.378	 39.87	 7.20	 8.36	 0.2773	 0.035	 0.157	 4.25
0.417	 43.98	 6.53	 7.58	 0.2784	 0.031	 0.129	 3.86
0.457	 48.09	 5.97	 6.93	 0.2793	 0.027	 0.107	 3.54
0.496	 52.21	 5.50	 6.38	 0.2800	 0.024	 0.091	 3.27
0.536	 56.33	 5.09	 5.92	 0.2805	 0.022	 0.078	 3.03
0.575	 60.45	 4.74	 5.51	 0.2810	 0.020	 0.067	 2.83
0.615	 64.57	 4.44	 5.16	 0.2812	 0.019	 0.059	 2.65
0.654	 68.70	 4.17	 4.85	 0.2813	 0.018	 0.052	 2.49
0.694	 72.82	 3.94	 4.57	 0.2812	 0.017	 0.046	 2.35
0.733	 76.95	 3.73	 4.33	 0.2805	 0.016	 0.041	 2.23
0.773	 81.08	 3.54	 4.11	 0.2791	 0.015	 0.037	 2.11
0.812	 85.21	 3.36	 3.91	 0.2759	 0.015	 0.033	 2.01
0.852	 89.34	 3.21	 3.73	 0.2694	 0.015	 0.030	 1.92
0.891	 93.47	 3.07	 3.56	 0.2562	 0.015	 0.027	 1.83
0.931	 97.60	 2.94	 3.41	 0.2293	 0.015	 0.025	 1.76
0.970	 101.74	 2.82	 3.27	 0.1717	 0.016	 0.023	 1.69

r/R 	 [ ], radial position of control points / propeller radius.
V* 	 [m/s], total inflow velocity.
beta 	 [deg], undisturbed flow angle.
betai 	 [deg], hydrodynamic Pitch angle.
Gamma 	 [m^2/s], vortex sheet strength.
CL 	 [ ], section lift coefficient.
Sigma 	 [ ], cavitation number.
d_alpha  [deg], inflow variation bucket width.
