					 Prop2_Performance.txt 

					 OpenProp Performance Table

Date and time: 2026-07-30 15:29:51

 r/R	 V*	 beta	 betai	 Gamma	 CL	 Sigma	 dBetai
0.150	 6.78	 70.58	 72.27	 0.0500	 0.710	 5.574	 9.61
0.171	 6.90	 68.06	 69.84	 0.0520	 0.663	 5.380	 10.72
0.192	 7.02	 65.62	 67.59	 0.0551	 0.639	 5.192	 11.61
0.214	 7.16	 63.27	 65.40	 0.0589	 0.625	 4.992	 12.40
0.235	 7.31	 61.01	 63.28	 0.0630	 0.616	 4.788	 13.10
0.257	 7.47	 58.85	 61.24	 0.0672	 0.609	 4.583	 13.69
0.278	 7.64	 56.78	 59.28	 0.0715	 0.604	 4.379	 14.19
0.299	 7.82	 54.80	 57.40	 0.0758	 0.599	 4.178	 14.61
0.321	 8.01	 52.92	 55.59	 0.0800	 0.593	 3.981	 14.95
0.342	 8.21	 51.13	 53.86	 0.0841	 0.588	 3.790	 15.22
0.364	 8.42	 49.42	 52.20	 0.0880	 0.582	 3.606	 15.42
0.385	 8.63	 47.79	 50.61	 0.0917	 0.575	 3.430	 15.57
0.406	 8.85	 46.25	 49.10	 0.0952	 0.568	 3.261	 15.67
0.428	 9.08	 44.78	 47.65	 0.0985	 0.560	 3.100	 15.72
0.449	 9.31	 43.38	 46.26	 0.1015	 0.552	 2.947	 15.74
0.470	 9.54	 42.05	 44.94	 0.1043	 0.545	 2.802	 15.72
0.492	 9.78	 40.79	 43.67	 0.1068	 0.538	 2.664	 15.68
0.513	 10.03	 39.59	 42.46	 0.1090	 0.532	 2.534	 15.61
0.535	 10.28	 38.44	 41.31	 0.1110	 0.527	 2.412	 15.51
0.556	 10.54	 37.35	 40.21	 0.1126	 0.521	 2.296	 15.41
0.577	 10.79	 36.31	 39.15	 0.1140	 0.516	 2.187	 15.28
0.599	 11.06	 35.33	 38.14	 0.1150	 0.511	 2.084	 15.14
0.620	 11.32	 34.38	 37.17	 0.1157	 0.505	 1.987	 14.99
0.642	 11.59	 33.48	 36.25	 0.1160	 0.499	 1.896	 14.84
0.663	 11.86	 32.62	 35.36	 0.1160	 0.492	 1.810	 14.67
0.684	 12.13	 31.80	 34.51	 0.1156	 0.484	 1.729	 14.51
0.706	 12.41	 31.02	 33.69	 0.1148	 0.476	 1.652	 14.33
0.727	 12.68	 30.27	 32.91	 0.1136	 0.468	 1.580	 14.16
0.749	 12.96	 29.55	 32.16	 0.1119	 0.460	 1.512	 13.98
0.770	 13.24	 28.86	 31.44	 0.1098	 0.453	 1.448	 13.80
0.791	 13.53	 28.20	 30.75	 0.1072	 0.447	 1.388	 13.62
0.813	 13.81	 27.57	 30.09	 0.1040	 0.441	 1.331	 13.44
0.834	 14.10	 26.97	 29.45	 0.1001	 0.435	 1.277	 13.26
0.856	 14.39	 26.38	 28.83	 0.0955	 0.429	 1.226	 13.08
0.877	 14.68	 25.82	 28.24	 0.0901	 0.421	 1.177	 12.90
0.898	 14.97	 25.29	 27.67	 0.0836	 0.409	 1.132	 12.73
0.920	 15.26	 24.77	 27.12	 0.0758	 0.394	 1.089	 12.56
0.941	 15.56	 24.27	 26.59	 0.0662	 0.386	 1.047	 12.38
0.963	 15.85	 23.79	 26.08	 0.0540	 0.388	 1.009	 12.22
0.984	 16.15	 23.33	 25.58	 0.0367	 0.395	 0.972	 12.05

r/R 	 [ ], radial position of control points / propeller radius.
V* 	 [m/s], total inflow velocity.
beta 	 [deg], undisturbed flow angle.
betai 	 [deg], hydrodynamic Pitch angle.
Gamma 	 [m^2/s], vortex sheet strength.
CL 	 [ ], section lift coefficient.
Sigma 	 [ ], cavitation number.
d_alpha  [deg], inflow variation bucket width.
