		 Prop2_Geometry.txt 

		 Propeller Geometry Table

Date and time: 30-Jul-2026

Propeller Diameter 	 = 0.3600 m
Number of Blades   	 = 3
Propeller Speed 	 = 800 RPM
Propeller Hub Diameter 	 = 0.0500 m
Meanline  Type: NACA a=0.8
Thickness Type: NACA 65A010
Lifting Surface Geometry Corrections: none
 
 
 r/R	  c/D	  t0/c	   f0/c	 P/D	 pitch	 skew 	 rake/D
    	     	      	       	    	 (deg)	 (deg)	       
0.1389  0.0549  0.4884  0.0503  1.5933  74.6845  2.7778  0.0000
0.1727  0.0635  0.4065  0.0449  1.5470  70.6741  3.4539  0.0000
0.2065  0.0715  0.3471  0.0427  1.5362  67.1099  4.1290  0.0000
0.2401  0.0787  0.3023  0.0417  1.5298  63.7530  4.8020  0.0000
0.2736  0.0853  0.2672  0.0411  1.5258  60.6067  5.4719  0.0000
0.3069  0.0912  0.2389  0.0406  1.5233  57.6702  6.1377  0.0000
0.3399  0.0964  0.2147  0.0400  1.5216  54.9392  6.7982  0.0000
0.3726  0.1011  0.1947  0.0393  1.5205  52.4067  7.4526  0.0000
0.4050  0.1051  0.1798  0.0386  1.5197  50.0635  8.0997  0.0000
0.4369  0.1086  0.1692  0.0378  1.5191  47.8994  8.7387  0.0000
0.4684  0.1113  0.1612  0.0371  1.5188  45.9045  9.3684  0.0000
0.4994  0.1131  0.1549  0.0364  1.5187  44.0684  9.9880  0.0000
0.5298  0.1139  0.1498  0.0359  1.5188  42.3800  10.5965  0.0000
0.5596  0.1139  0.1458  0.0354  1.5191  40.8273  11.1929  0.0000
0.5888  0.1133  0.1427  0.0349  1.5194  39.3982  11.7764  0.0000
0.6173  0.1125  0.1400  0.0344  1.5196  38.0818  12.3459  0.0000
0.6450  0.1114  0.1376  0.0338  1.5198  36.8688  12.9007  0.0000
0.6720  0.1100  0.1356  0.0332  1.5199  35.7511  13.4400  0.0000
0.6981  0.1084  0.1340  0.0326  1.5199  34.7214  13.9627  0.0000
0.7234  0.1066  0.1328  0.0319  1.5199  33.7730  14.4682  0.0000
0.7478  0.1043  0.1322  0.0313  1.5198  32.9009  14.9557  0.0000
0.7712  0.1015  0.1324  0.0308  1.5199  32.1001  15.4244  0.0000
0.7937  0.0982  0.1334  0.0303  1.5200  31.3659  15.8737  0.0000
0.8151  0.0944  0.1355  0.0299  1.5201  30.6935  16.3027  0.0000
0.8355  0.0903  0.1386  0.0296  1.5203  30.0776  16.7108  0.0000
0.8549  0.0861  0.1423  0.0292  1.5203  29.5132  17.0975  0.0000
0.8731  0.0819  0.1463  0.0287  1.5202  28.9960  17.4621  0.0000
0.8902  0.0779  0.1501  0.0281  1.5198  28.5218  17.8041  0.0000
0.9061  0.0740  0.1538  0.0274  1.5193  28.0885  18.1229  0.0000
0.9209  0.0697  0.1586  0.0267  1.5187  27.6972  18.4180  0.0000
0.9345  0.0645  0.1653  0.0263  1.5185  27.3500  18.6890  0.0000
0.9468  0.0584  0.1740  0.0262  1.5187  27.0483  18.9355  0.0000
0.9579  0.0519  0.1802  0.0263  1.5191  26.7855  19.1571  0.0000
0.9677  0.0453  0.1746  0.0264  1.5195  26.5573  19.3534  0.0000
0.9762  0.0387  0.1598  0.0266  1.5200  26.3635  19.5241  0.0000
0.9835  0.0324  0.1383  0.0268  1.5204  26.2021  19.6691  0.0000
0.9894  0.0263  0.1119  0.0270  1.5208  26.0715  19.7880  0.0000
0.9940  0.0206  0.0817  0.0272  1.5211  25.9706  19.8806  0.0000
0.9973  0.0155  0.0487  0.0273  1.5213  25.8988  19.9469  0.0000
0.9993  0.0116  0.0163  0.0274  1.5215  25.8558  19.9867  0.0000
1.0000  0.0100  0.0000  0.0274  1.5215  25.8415  20.0000  0.0000
 

r/R  	 [ ], radial position / propeller radius 
c/D  	 [ ], chord length    / propeller diameter 
P/D  	 [ ], pitch           / propeller diameter 
fo/C 	 [ ], max camber      / chord length 
to/C 	 [ ], max thickness   / chord length 
