					 Prop1_Performance.txt 

					 OpenProp Performance Table

Date and time: 2026-07-27 17:05:42

 r/R	 V*	 beta	 betai	 Gamma	 CL	 Sigma	 dBetai
0.259	 7.52	 73.21	 73.21	 0.0000	 0.000	 4.531	 10.25
0.278	 7.57	 72.08	 72.08	 0.0000	 0.000	 4.475	 10.83
0.297	 7.62	 70.96	 70.96	 0.0000	 0.000	 4.417	 11.38
0.315	 7.67	 69.86	 69.86	 0.0000	 0.000	 4.356	 11.90
0.334	 7.72	 68.77	 68.77	 0.0000	 0.000	 4.293	 12.39
0.352	 7.78	 67.70	 67.70	 0.0000	 0.000	 4.229	 12.86
0.371	 7.84	 66.64	 66.64	 0.0000	 0.000	 4.163	 13.29
0.390	 7.91	 65.61	 65.61	 0.0000	 0.000	 4.097	 13.71
0.408	 7.97	 64.58	 64.58	 0.0000	 0.000	 4.029	 14.09
0.427	 8.04	 63.58	 63.58	 0.0000	 0.000	 3.960	 14.45
0.446	 8.11	 62.59	 62.59	 0.0000	 0.000	 3.891	 14.78
0.464	 8.18	 61.62	 61.62	 0.0000	 0.000	 3.821	 15.09
0.483	 8.26	 60.67	 60.67	 0.0000	 0.000	 3.751	 15.38
0.502	 8.34	 59.73	 59.73	 0.0000	 0.000	 3.681	 15.64
0.520	 8.42	 58.81	 58.81	 0.0000	 0.000	 3.611	 15.88
0.539	 8.50	 57.91	 57.91	 0.0000	 0.000	 3.541	 16.10
0.557	 8.58	 57.03	 57.03	 0.0000	 0.000	 3.472	 16.30
0.576	 8.67	 56.17	 56.17	 0.0000	 0.000	 3.403	 16.48
0.595	 8.76	 55.32	 55.32	 0.0000	 0.000	 3.335	 16.64
0.613	 8.85	 54.49	 54.49	 0.0000	 0.000	 3.267	 16.79
0.632	 8.94	 53.67	 53.67	 0.0000	 0.000	 3.200	 16.92
0.651	 9.03	 52.87	 52.87	 0.0000	 0.000	 3.133	 17.03
0.669	 9.13	 52.09	 52.09	 0.0000	 0.000	 3.068	 17.12
0.688	 9.22	 51.33	 51.33	 0.0000	 0.000	 3.004	 17.21
0.707	 9.32	 50.58	 50.58	 0.0000	 0.000	 2.940	 17.28
0.725	 9.42	 49.84	 49.84	 0.0000	 0.000	 2.878	 17.33
0.744	 9.52	 49.13	 49.13	 0.0000	 0.000	 2.816	 17.38
0.762	 9.62	 48.42	 48.42	 0.0000	 0.000	 2.756	 17.41
0.781	 9.73	 47.74	 47.74	 0.0000	 0.000	 2.697	 17.44
0.800	 9.83	 47.06	 47.06	 0.0000	 0.000	 2.639	 17.45
0.818	 9.94	 46.40	 46.40	 0.0000	 0.000	 2.582	 17.46
0.837	 10.05	 45.76	 45.76	 0.0000	 0.000	 2.526	 17.45
0.856	 10.16	 45.13	 45.13	 0.0000	 0.000	 2.472	 17.44
0.874	 10.27	 44.51	 44.51	 0.0000	 0.000	 2.418	 17.42
0.893	 10.38	 43.91	 43.91	 0.0000	 0.000	 2.366	 17.40
0.911	 10.50	 43.32	 43.32	 0.0000	 0.000	 2.315	 17.37
0.930	 10.61	 42.74	 42.74	 0.0000	 0.000	 2.265	 17.33
0.949	 10.72	 42.17	 42.17	 0.0000	 0.000	 2.217	 17.28
0.967	 10.84	 41.62	 41.62	 0.0000	 0.000	 2.169	 17.24
0.986	 10.96	 41.08	 41.08	 0.0000	 0.000	 2.123	 17.18

r/R 	 [ ], radial position of control points / propeller radius.
V* 	 [m/s], total inflow velocity.
beta 	 [deg], undisturbed flow angle.
betai 	 [deg], hydrodynamic Pitch angle.
Gamma 	 [m^2/s], vortex sheet strength.
CL 	 [ ], section lift coefficient.
Sigma 	 [ ], cavitation number.
d_alpha  [deg], inflow variation bucket width.
